%YAML:1.0
---
image_width: 1296
image_height: 1032
camera_matrix: !!opencv-matrix
   rows: 3
   cols: 3
   dt: d
   data: [ 1.0658022676367348e+03, 0., 6.4362726043213365e+02, 0.,
       1.0659172552873295e+03, 5.0696548508655485e+02, 0., 0., 1. ]
distortion_coefficients: !!opencv-matrix
   rows: 1
   cols: 5
   dt: d
   data: [ -4.0465207106114476e-01, 2.4299387267578434e-01,
       2.3098737918919352e-04, 7.0403474378590513e-04,
       -8.8770464505927515e-02 ]
