%YAML:1.0
---
image_width: 1296
image_height: 1032
camera_matrix: !!opencv-matrix
   rows: 3
   cols: 3
   dt: d
   data: [ 1.0334993653963315e+03, 0., 6.5344358211934514e+02, 0.,
       1.0336968994460055e+03, 5.1244977578449698e+02, 0., 0., 1. ]
distortion_coefficients: !!opencv-matrix
   rows: 1
   cols: 5
   dt: d
   data: [ -4.1360672132633763e-01, 3.7594206051195289e-01,
       -1.0798561573995976e-03, -4.1630822978774694e-04,
       -2.5353072637328183e-01 ]
